# Calibration for the fisheye camera
#
# http://wiki.ros.org/camera_calibration/Tutorials/MonocularCalibration

image_width: 640
image_height: 480
camera_name: narrow_stereo
camera_matrix:
  rows: 3
  cols: 3
  data: [282.347512, 0.000000, 336.217393, 0.000000, 284.868205, 234.285385, 0.000000, 0.000000, 1.000000]
distortion_model: plumb_bob
distortion_coefficients:
  rows: 1
  cols: 5
  data: [-0.314844, 0.076981, -0.000237, 0.003587, 0.000000]
rectification_matrix:
  rows: 3
  cols: 3
  data: [1.000000, 0.000000, 0.000000, 0.000000, 1.000000, 0.000000, 0.000000, 0.000000, 1.000000]
projection_matrix:
  rows: 3
  cols: 4
  data: [200.754135, 0.000000, 340.407262, 0.000000, 0.000000, 204.558945, 232.920152, 0.000000, 0.000000, 0.000000, 1.000000, 0.000000]
